4294967279,94
4294967279,67
4294967293,131
4294967293,130
4294967293,129
4294967293,128
4294967293,127
4294967293,126
4294967293,125
4294967293,124
4294967293,123
4294967293,122
4294967293,121
4294967293,120
4294967293,119
4294967293,118
4294967293,117
4294967293,116
4294967293,115
4294967293,114
4294967293,113
4294967293,112
4294967293,111
4294967293,110
4294967293,109
4294967293,108
4294967293,107
4294967293,106
4294967293,105
4294967293,104
4294967293,103
4294967293,102
4294967293,101
4294967293,100
4294967293,99
4294967293,98
4294967293,97
4294967293,96
4294967293,95
4294967293,94
4294967293,93
4294967293,92
4294967293,91
4294967293,90
4294967293,89
4294967293,87
4294967293,86
4294967293,85
4294967293,84
4294967293,83
4294967293,82
4294967293,81
4294967293,80
4294967293,79
4294967293,78
4294967293,77
4294967293,76
4294967293,75
4294967293,74
4294967293,73
4294967293,72
4294967293,71
4294967293,70
4294967293,69
4294967293,68
4294967293,67
4294967293,66
4294967293,65
4294967293,64
4294967293,63
4294967293,62
4294967293,61
4294967293,60
4294967293,59
4294967293,58
4294967293,57
4294967293,56
4294967293,55
4294967293,54
4294967293,53
4294967293,52
4294967293,51
4294967293,50
4294967293,49
4294967293,48
4294967293,47
4294967293,46
4294967293,45
4294967293,44
4294967293,43
4294967293,42
4294967293,41
4294967293,40
4294967293,39
4294967293,38
4294967293,37
4294967293,36
4294967293,35
4294967293,34
4294967293,33
4294967293,32
4294967293,31
4294967293,30
4294967293,29
4294967293,28
4294967293,27
4294967293,26
4294967293,25
4294967293,24
4294967293,23
4294967293,22
4294967293,21
4294967293,20
4294967293,19
4294967293,18
4294967293,17
4294967293,16
4294967293,15
4294967293,14
4294967293,13
4294967293,12
4294967293,11
4294967293,10
4294967293,9
4294967293,8
4294967293,7
4294967293,6
4294967293,5
4294967293,4
4294967293,3
4294967278,132
4294967278,131
4294967278,129
4294967278,128
4294967278,342
4294967278,229
4294967278,109
4294967278,105
4294967278,219
4294967278,104
4294967278,338
4294967278,102
4294967278,101
4294967278,100
4294967278,555
4294967278,99
4294967278,98
4294967278,97
4294967278,95
4294967278,94
4294967278,93
4294967278,92
4294967278,91
4294967278,90
4294967278,89
4294967278,87
4294967278,86
4294967278,85
4294967278,84
4294967278,83
4294967278,82
4294967278,339
4294967278,81
4294967278,337
4294967278,80
4294967278,79
4294967278,78
4294967278,77
4294967278,76
4294967278,75
4294967278,74
4294967278,73
4294967278,72
4294967278,71
4294967278,70
4294967278,69
4294967278,68
4294967278,67
4294967278,66
4294967278,341
4294967278,336
4294967278,29
4294967278,26
4294967278,289
4294967278,287
4294967278,15
4294967278,14
4294967278,13
4294967278,12
4294967278,11
4294967278,10
4294967278,9
4294967278,8
4294967278,7
4294967278,6
4294967278,5
4294967278,174
4294967278,88
4294967278,0
4294967278,260
4294967278,4
4294967279,403
4294967279,117
4294967279,116
4294967279,112
4294967279,111
4294967279,231
4294967279,110
4294967279,109
4294967279,108
4294967279,225
4294967279,107
4294967279,106
4294967279,105
4294967279,104
4294967279,103
4294967279,102
4294967279,101
4294967279,99
4294967279,98
4294967279,97
4294967279,95
4294967279,86
4294967279,85
4294967279,84
4294967279,80
4294967279,78
4294967279,77
4294967279,76
4294967279,75
4294967279,74
4294967279,73
4294967279,72
4294967279,71
4294967279,70
4294967279,69
4294967279,66
4294967279,65
4294967279,402
4294967279,64
4294967279,61
4294967279,60
4294967279,59
4294967279,58
4294967279,57
4294967279,56
4294967279,55
4294967279,54
4294967279,51
4294967279,50
4294967279,49
4294967279,48
4294967279,46
4294967279,45
4294967279,44
4294967279,42
4294967279,41
4294967279,40
4294967279,39
4294967279,395
4294967279,35
4294967279,34
4294967279,30
4294967279,28
4294967279,27
4294967279,25
4294967279,24
4294967279,21
4294967279,20
4294967279,260
4294967294,1415
4294967294,1673
4294967294,1672
4294967294,1429
4294967294,221
4294967294,8
4294967279,241
4294967279,235
4294967279,227
4294967279,397
4294967279,399
4294967279,398
4294967279,156
4294967294,149
4294967294,128
4294967294,1435
4294967294,84
4294967294,52
4294967294,1410
4294967294,936
4294967294,935
4294967294,933
4294967294,931
4294967294,930
4294967294,929
4294967294,1670
4294967294,927
4294967294,925
4294967294,924
4294967294,922
4294967294,919
4294967294,918
4294967294,917
4294967294,916
4294967294,915
4294967294,422
4294967294,911
4294967294,908
4294967294,907
4294967294,476
4294967294,906
4294967294,904
4294967294,903
4294967294,901
4294967294,897
4294967294,894
4294967294,893
4294967294,499
4294967294,892
4294967294,888
4294967294,1425
4294967294,885
4294967294,884
4294967294,883
4294967294,0
4294967294,878
4294967294,876
4294967294,875
4294967294,874
4294967294,872
4294967294,870
4294967294,869
4294967294,868
4294967294,866
4294967294,864
4294967294,863
4294967294,862
4294967294,861
4294967294,860
4294967294,859
4294967294,857
4294967294,853
4294967294,852
4294967294,721
4294967294,846
4294967294,845
4294967294,1669
4294967294,841
4294967294,840
4294967294,839
4294967294,837
4294967294,836
4294967294,835
4294967294,832
4294967294,831
4294967294,830
4294967294,829
4294967294,828
4294967294,827
4294967294,820
4294967294,960
4294967294,818
4294967294,816
4294967294,813
4294967294,812
4294967294,810
4294967294,809
4294967294,808
4294967294,807
4294967294,806
4294967294,803
4294967294,802
4294967294,801
4294967294,799
4294967294,798
4294967294,796
4294967294,795
4294967294,792
4294967294,791
4294967294,790
4294967294,787
4294967294,785
4294967294,784
4294967294,726
4294967294,783
4294967294,718
4294967294,779
4294967294,777
4294967294,773
4294967294,771
4294967294,714
4294967294,770
4294967294,769
4294967294,703
4294967294,741
4294967294,700
4294967294,698
4294967294,697
4294967294,696
4294967294,695
4294967294,694
4294967294,693
4294967294,692
4294967294,691
4294967294,757
4294967294,688
4294967294,687
4294967294,686
4294967294,684
4294967294,683
4294967294,682
4294967294,680
4294967294,678
4294967294,709
4294967294,1426
4294967294,674
4294967294,673
4294967294,672
4294967294,671
4294967294,670
4294967294,669
4294967294,665
4294967294,664
4294967294,663
4294967294,662
4294967294,661
4294967294,660
4294967294,659
4294967294,658
4294967294,657
4294967294,656
4294967294,653
4294967294,651
4294967294,649
4294967294,646
4294967294,704
4294967294,641
4294967294,640
4294967294,637
4294967294,634
4294967294,1665
4294967294,629
4294967294,628
4294967294,627
4294967294,626
4294967294,624
4294967294,623
4294967294,622
4294967294,621
4294967294,620
4294967294,619
4294967294,147
4294967294,618
4294967294,617
1,3
1,0
4294967294,614
4294967294,612
4294967294,1132
4294967294,611
4294967294,609
4294967294,608
4294967294,607
4294967294,1131
4294967294,603
4294967294,602
4294967294,600
4294967294,595
4294967294,592
4294967294,591
4294967294,589
4294967294,587
4294967294,585
4294967294,584
4294967294,583
4294967294,582
4294967294,581
4294967294,579
4294967294,577
4294967294,576
4294967294,564
4294967294,562
4294967294,560
4294967294,557
4294967294,556
4294967294,555
4294967294,554
4294967294,551
4294967294,550
4294967294,549
4294967294,559
4294967294,547
4294967294,546
4294967294,545
4294967294,715
4294967294,558
4294967294,544
4294967294,568
4294967294,713
4294967294,543
4294967294,542
4294967294,1096
4294967294,541
4294967294,712
4294967294,540
4294967294,705
4294967294,725
4294967294,538
4294967294,537
4294967294,536
4294967294,535
4294967294,719
4294967294,710
4294967294,574
4294967294,722
4294967294,534
4294967294,711
4294967294,814
4294967294,571
4294967294,717
4294967294,811
4294967294,708
4294967294,1094
4294967294,1664
4294967294,512
4294967294,1004
4294967294,1556
4294967294,1555
4294967294,532
4294967294,1554
4294967294,1553
4294967294,1552
4294967294,1551
4294967294,1411
4294967294,1549
4294967294,1548
4294967294,427
4294967294,437
4294967294,1125
4294967294,1115
4294967294,1547
4294967294,1546
4294967294,1608
4294967294,1603
4294967294,1464
4294967294,1545
4294967294,1544
4294967294,1543
4294967294,127
4294967294,1465
4294967294,1542
4294967294,1461
4294967294,1541
4294967294,1605
4294967294,1471
4294967294,1600
4294967294,1469
4294967294,1468
4294967294,1540
4294967294,1434
4294967294,1449
4294967294,1539
4294967294,1447
4294967294,1538
4294967294,1537
4294967294,454
4294967294,1536
4294967294,1456
4294967294,436
4294967294,514
4294967294,409
4294967294,1470
4294967294,521
4294967294,1462
4294967294,143
4294967294,1463
4294967294,1460
4294967294,1412
4294967294,443
4294967294,1455
4294967294,1453
4294967294,1422
4294967294,1457
4294967294,1458
4294967294,734
4294967294,389
4294967294,1446
4294967294,1448
4294967294,442
4294967294,1442
4294967294,1441
4294967294,1454
4294967294,459
4294967294,458
4294967294,66
4294967294,65
4294967294,64
4294967294,63
4294967294,62
4294967294,139
4294967294,1475
4294967294,1474
4294967294,1473
4294967294,1472
4294967294,383
4294967294,381
4294967294,382
4294967294,380
4294967294,379
4294967294,378
4294967294,377
4294967294,376
4294967294,375
4294967294,374
4294967294,373
4294967294,372
4294967294,371
4294967278,335
4294967279,393
4294967278,334
4294967279,392
4294967279,391
4294967294,743
4294967294,452
4294967294,453
4294967294,178
4294967294,391
4294967294,386
4294967294,420
4294967294,398
4294967294,405
4294967294,404
4294967294,402
4294967294,406
4294967294,412
4294967294,416
4294967294,451
4294967294,450
4294967294,444
4294967294,399
4294967294,407
4294967294,455
4294967294,181
4294967294,184
4294967294,180
4294967294,1409
4294967294,419
4294967294,175
4294967294,169
4294967294,980
4294967294,401
4294967294,999
4294967294,188
4294967294,183
4294967294,189
4294967294,177
4294967294,182
4294967294,204
4294967294,203
4294967294,201
4294967294,174
4294967294,176
4294967294,172
4294967294,171
4294967294,1001
4294967294,370
4294967294,369
4294967294,368
4294967294,367
4294967294,366
4294967294,364
4294967294,365
4294967294,363
4294967294,362
4294967294,361
4294967294,360
